0.0161417,0.209696,11068.84,None,
0.0308722,0.209696,11068.84,None,
0.042744,0.209696,11068.84,None,
0.0561207,0.209696,11068.84,None,
0.0764367,0.209696,11068.84,None,
0.0859306,0.209696,11068.84,None,
0.0966579,0.209696,11068.84,None,
0.1115476,0.201608,11350.73,None,
0.1242556,0.201608,11350.73,None,
0.1384457,0.201608,11350.73,None,
0.1535648,0.201608,11350.73,None,
0.165692,0.201608,11350.73,None,
0.1799602,0.201608,11350.73,None,
0.1943551,0.201608,11350.73,None,
0.2073953,0.201608,11350.73,None,
0.2278764,0.201608,11068.84,None,
0.2356876,0.201608,11068.84,None,
0.2492024,0.201608,11068.84,None,
0.2630751,0.201608,11068.84,None,
0.2778208,0.201608,11068.84,None,
0.2907116,0.201608,11068.84,None,
0.3043917,0.201608,11068.84,None,
0.3189511,0.186361,11139.06,None,
0.3322127,0.186361,11139.06,None,
0.3464424,0.186361,11139.06,None,
0.3611902,0.186361,11139.06,None,
0.3789721,0.186361,11139.06,None,
0.3879439,0.186361,11139.06,None,
0.402187,0.186361,11139.06,None,
0.4166106,0.178877,11209.44,None,
0.43126,0.178877,11209.44,None,
0.4437705,0.178877,11209.44,None,
0.4571011,0.178877,11209.44,None,
0.4716145,0.178877,11209.44,None,
0.4853168,0.178877,11209.44,None,
0.4988092,0.178877,11209.44,None,
0.513604,0.178877,11209.44,None,
0.5401974,0.158105,11350.73,None,
0.5554047,0.158105,11350.73,None,
0.569039,0.158105,11350.73,None,
0.5817357,0.158105,11350.73,None,
0.596527,0.158105,11350.73,None,
0.6104565,0.158105,11350.73,None,
0.623491,0.164758,11139.06,None,
0.6394473,0.164758,11139.06,None,
0.6521904,0.164758,11139.06,None,
0.6654091,0.164758,11139.06,None,
0.6852851,0.164758,11139.06,None,
0.6937394,0.164758,11139.06,None,
0.7072111,0.164758,11139.06,None,
0.7218058,0.164758,11139.06,None,
0.7354559,0.151366,11068.84,None,
0.7487316,0.151366,11068.84,None,
0.7631029,0.151366,11068.84,None,
0.7773435,0.151366,11068.84,None,
0.7907502,0.151366,11068.84,None,
0.8045561,0.151366,11068.84,None,
0.819155,0.151366,11068.84,None,
0.8374028,0.145063,11350.73,None,
0.8481887,0.145063,11350.73,None,
0.8607258,0.145063,11350.73,None,
0.8741983,0.145063,11350.73,None,
0.8878235,0.145063,11350.73,None,
0.9021659,0.145063,11350.73,None,
0.9154341,0.145063,11350.73,None,
0.9296141,0.138685,11350.73,None,
0.9436558,0.138685,11350.73,None,
0.9577748,0.138685,11350.73,None,
0.9714906,0.138685,11350.73,None,
0.9905201,0.138685,11350.73,None,
0.9989758,0.138685,11350.73,None,
1.013243,0.138685,11350.73,None,
1.026832,0.138685,11350.73,None,
1.043862,0.164758,11350.73,None,
1.061455,0.164758,11350.73,None,
1.072154,0.164758,11350.73,None,
1.086179,0.164758,11350.73,None,
1.098223,0.164758,11350.73,None,
1.113521,0.164758,11350.73,None,
1.12725,0.164758,11350.73,None,
1.148021,0.178877,11421.63,None,
1.160042,0.178877,11421.63,None,
1.17283,0.178877,11421.63,None,
1.187351,0.178877,11421.63,None,
1.202625,0.178877,11421.63,None,
1.216535,0.178877,11421.63,None,
1.230975,0.178877,11421.63,None,
1.245681,0.171865,11778.73,Inhale,
1.262472,0.171865,11778.73,None,
1.274006,0.171865,11778.73,None,
1.288392,0.171865,11778.73,None,
1.30986,0.171865,11778.73,None,
1.318686,0.171865,11778.73,None,
1.3303,0.171865,11778.73,None,
1.344795,0.193739,11635.37,None,
1.358263,0.193739,11635.37,None,
1.372386,0.193739,11635.37,None,
1.38611,0.193739,11635.37,None,
1.400775,0.193739,11635.37,None,
1.414579,0.193739,11635.37,None,
1.428136,0.193739,11635.37,None,
1.442325,0.178877,11635.37,None,
1.4617,0.178877,11635.37,None,
1.472007,0.178877,11635.37,None,
1.483732,0.178877,11635.37,None,
1.497573,0.178877,11635.37,None,
1.512325,0.178877,11635.37,None,
1.525593,0.178877,11635.37,None,
1.539549,0.178877,11635.37,None,
1.55338,0.178877,11922.79,None,
1.568457,0.178877,11922.79,None,
1.581788,0.178877,11922.79,None,
1.595594,0.178877,11922.79,None,
1.61481,0.178877,11922.79,None,
1.622691,0.178877,11922.79,None,
1.637119,0.178877,11922.79,None,
1.650851,0.193739,11635.37,None,
1.663848,0.193739,11635.37,None,
1.680593,0.193739,11635.37,None,
1.692448,0.193739,11635.37,None,
1.705877,0.193739,11635.37,None,
1.72029,0.193739,11635.37,None,
1.73423,0.193739,11635.37,None,
1.748333,0.193739,11635.37,None,
1.76817,0.178877,11922.79,None,
1.776959,0.178877,11922.79,None,
1.789716,0.178877,11922.79,None,
1.803783,0.178877,11922.79,None,
1.817876,0.178877,11922.79,None,
1.830824,0.178877,11922.79,None,
1.845056,0.178877,11922.79,None,
1.858963,0.164758,11850.67,None,
1.872688,0.164758,11850.67,None,
1.888726,0.164758,11850.67,None,
1.901057,0.164758,11850.67,None,
1.919855,0.164758,11850.67,None,
1.928896,0.164758,11850.67,None,
1.942381,0.164758,11850.67,None,
1.95607,0.164758,11995.09,None,
1.970589,0.164758,11995.09,None,
1.983838,0.164758,11995.09,None,
1.998019,0.164758,11995.09,None,
2.012614,0.164758,11995.09,None,
2.026466,0.164758,11995.09,None,
2.039996,0.164758,11995.09,None,
2.053857,0.164758,11995.09,None,
2.071922,0.145063,11922.79,None,
2.081856,0.145063,11922.79,None,
2.096853,0.145063,11922.79,None,
2.109312,0.145063,11922.79,None,
2.122503,0.145063,11922.79,None,
2.137082,0.145063,11922.79,None,
2.151779,0.145063,11922.79,None,
2.165462,0.20936,11563.95,None,
2.179399,0.20936,11563.95,None,
2.192681,0.20936,11563.95,None,
2.205886,0.20936,11563.95,None,
2.22526,0.20936,11563.95,None,
2.233946,0.20936,11563.95,None,
2.248231,0.20936,11563.95,None,
2.262537,0.20936,11563.95,None,
2.276738,0.590717,11706.96,None,
2.290909,0.590717,11706.96,None,
2.305604,0.590717,11706.96,None,
2.317871,0.590717,11706.96,None,
2.331419,0.590717,11706.96,None,
2.346331,0.590717,11706.96,None,
2.360474,0.590717,11706.96,None,
2.380583,0.516417,11563.95,None,
2.389366,0.516417,11563.95,None,
2.400589,0.516417,11563.95,None,
2.416468,0.516417,11563.95,None,
2.427781,0.516417,11563.95,None,
2.441579,0.516417,11563.95,None,
2.455217,0.516417,11563.95,None,
2.469723,0.341275,11350.73,None,
2.484117,0.341275,11350.73,None,
2.497846,0.341275,11350.73,None,
2.513809,0.341275,11350.73,None,
2.530078,0.341275,11350.73,None,
2.539599,0.341275,11350.73,None,
2.553906,0.341275,11350.73,None,
2.567372,0.341275,11350.73,None,
2.582598,0.279749,11421.63,None,
2.595644,0.279749,11421.63,None,
2.609679,0.279749,11421.63,None,
2.622681,0.279749,11421.63,None,
2.63686,0.279749,11421.63,None,
2.650946,0.279749,11421.63,None,
2.664137,0.279749,11421.63,None,
2.68382,0.260935,11350.73,None,
2.69247,0.260935,11350.73,None,
2.706318,0.260935,11350.73,None,
2.7227,0.260935,11350.73,None,
2.735752,0.260935,11350.73,None,
2.748321,0.260935,11350.73,None,
2.76345,0.260935,11350.73,None,
2.777499,0.260935,11350.73,None,
2.789818,0.386679,11421.63,None,
2.805521,0.386679,11421.63,None,
2.819464,0.386679,11421.63,None,
2.836612,0.386679,11421.63,None,
2.845138,0.386679,11421.63,None,
2.858954,0.386679,11421.63,None,
2.874193,0.386679,11421.63,None,
2.888182,0.448838,11280,None,
2.900967,0.448838,11280,None,
2.915824,0.448838,11280,None,
2.930731,0.448838,11280,None,
2.942548,0.448838,11280,None,
2.956583,0.448838,11280,None,
2.970642,0.448838,11280,None,
2.989403,0.375219,11635.37,None,
2.999081,0.375219,11635.37,None,
3.013081,0.375219,11635.37,None,
3.026115,0.375219,11635.37,None,
3.039777,0.375219,11635.37,None,
3.05319,0.375219,11635.37,None,
3.066887,0.375219,11635.37,None,
3.081974,0.375219,11635.37,None,
3.095378,0.448355,11421.63,None,
3.109515,0.448355,11421.63,None,
3.122868,0.448355,11421.63,None,
3.144519,0.448355,11421.63,None,
3.161511,0.448355,11421.63,None,
3.178658,0.448355,11421.63,None,
3.193985,0.637859,11492.7,None,
3.207751,0.637859,11492.7,None,
3.221434,0.637859,11492.7,None,
3.234863,0.637859,11492.7,None,
3.249517,0.637859,11492.7,None,
3.261876,0.637859,11492.7,None,
3.27584,0.637859,11492.7,None,
3.294523,0.637859,11492.7,None,
3.303271,0.435734,11421.63,None,
3.317647,0.435734,11421.63,None,
3.331197,0.435734,11421.63,None,
3.346696,0.435734,11421.63,None,
3.359437,0.435734,11421.63,None,
3.373067,0.435734,11421.63,None,
3.392763,0.435734,11421.63,None,
3.403803,0.363528,11280,None,
3.417241,0.363528,11280,None,
3.431216,0.363528,11280,None,
3.452601,0.363528,11280,None,
3.470444,0.363528,11280,None,
3.49282,0.410743,11563.95,None,
3.513748,0.410743,11563.95,None,
3.527036,0.410743,11563.95,None,
3.541624,0.410743,11563.95,None,
3.555022,0.410743,11563.95,None,
3.568133,0.410743,11563.95,None,
3.58196,0.410743,11563.95,None,
3.599911,0.410743,11563.95,None,
3.608632,0.475257,11421.63,None,
3.622294,0.475257,11421.63,None,
3.636942,0.475257,11421.63,None,
3.650875,0.475257,11421.63,None,
3.663792,0.475257,11421.63,None,
3.678501,0.475257,11421.63,None,
3.692351,0.475257,11421.63,None,
3.705791,0.475257,11350.73,None,
3.720759,0.475257,11350.73,None,
3.733807,0.475257,11350.73,None,
3.752312,0.475257,11350.73,None,
3.763745,0.475257,11350.73,None,
3.777994,0.475257,11350.73,None,
3.791338,0.475257,11350.73,None,
3.805459,0.502639,11421.63,None,
3.818515,0.502639,11421.63,None,
3.831034,0.502639,11421.63,None,
3.846655,0.502639,11421.63,None,
3.860341,0.502639,11421.63,None,
3.872295,0.502639,11421.63,None,
3.886539,0.502639,11421.63,None,
3.905473,0.502639,11421.63,None,
3.914338,0.63854,11350.73,None,
3.928722,0.63854,11350.73,None,
3.942469,0.63854,11350.73,None,
3.956051,0.63854,11350.73,None,
3.971694,0.63854,11350.73,None,
3.983835,0.63854,11350.73,None,
3.998002,0.63854,11350.73,None,
4.012281,0.932545,11280,None,
4.026337,0.932545,11280,None,
4.040573,0.932545,11280,None,
4.059827,0.932545,11280,None,
4.068154,0.932545,11280,None,
4.083041,0.932545,11280,None,
4.097477,0.932545,11280,None,
4.109364,0.932545,11280,None,
4.122579,1.039777,11350.73,None,
4.136898,1.039777,11350.73,None,
4.151016,1.039777,11350.73,None,
4.165092,1.039777,11350.73,None,
4.179856,1.039777,11350.73,None,
4.192301,1.039777,11350.73,None,
4.210762,1.039777,11350.73,None,
4.219681,0.953813,11350.73,None,
4.233653,0.953813,11350.73,None,
4.247228,0.953813,11350.73,None,
4.262549,0.953813,11350.73,None,
4.276043,0.953813,11350.73,None,
4.289168,0.953813,11350.73,None,
4.303341,0.953813,11350.73,None,
4.317887,0.996208,11280,None,
4.331166,0.996208,11280,None,
4.344927,0.996208,11280,None,
4.363434,0.996208,11280,None,
4.372191,0.996208,11280,None,
4.388157,0.996208,11280,None,
4.400875,0.996208,11280,None,
4.414351,0.996208,11280,None,
4.429307,0.933608,11280,None,
4.44296,0.933608,11280,None,
4.455953,0.933608,11280,None,
4.470098,0.933608,11280,None,
4.483943,0.933608,11280,None,
4.497386,0.933608,11280,None,
4.516726,0.933608,11280,None,
4.525024,0.8534,11280,None,
4.539086,0.8534,11280,None,
4.553264,0.8534,11280,None,
4.56734,0.8534,11280,None,
4.580894,0.8534,11280,None,
4.59665,0.8534,11280,None,
4.609006,0.8534,11280,None,
4.62224,0.8534,11280,None,
4.63673,0.741504,11350.73,None,
4.650475,0.741504,11350.73,None,
4.66888,0.741504,11350.73,None,
4.67846,0.741504,11350.73,None,
4.692441,0.741504,11350.73,None,
4.705674,0.741504,11350.73,None,
4.720129,0.741504,11350.73,None,
4.734084,0.639376,11209.44,None,
4.747187,0.639376,11209.44,None,
4.761711,0.639376,11209.44,None,
4.775911,0.639376,11209.44,None,
4.788918,0.639376,11209.44,None,
4.80509,0.639376,11209.44,None,
4.82214,0.639376,11209.44,None,
4.830388,0.57653,11350.73,None,
4.844938,0.57653,11350.73,None,
4.858251,0.57653,11350.73,None,
4.872313,0.57653,11350.73,None,
4.886071,0.57653,11350.73,None,
4.899997,0.57653,11350.73,None,
4.914251,0.57653,11350.73,None,
4.928009,0.57653,11350.73,None,
